0 57351 67999 41-->2
1 57358 67954 26-->7
2 57369 67989 36-->9
3 57376 67979 16-->2
4 57417 68047 56-->7
5 57439 70329 48-->8
6 57463 68121 2-->1
7 57479 68164 71-->2
8 57551 68243 2-->1
9 57554 68245 40-->7
10 57584 68281 30-->11
11 57595 68297 46-->12
12 57607 68312 98-->3
13 57610 68316 7-->1
14 57615 68322 11-->1
15 57636 68347 8-->3
16 57657 73528 3-->1
17 57664 68416 9-->2
18 57676 68420 35-->8
19 57682 68427 94-->4
20 57717 68477 16-->5
21 57720 70541 2-->1
22 57721 68492 23-->5
23 57731 68622 79-->1
24 57760 68565 28-->2
25 57770 68551 14-->5
26 57827 68666 62-->6
27 57829 68636 2-->1
28 57838 68647 45-->2
29 57877 68698 59-->4
30 57881 68702 54-->3
31 57888 68718 26-->9
32 57904 68766 40-->14
33 57959 68865 68-->2
34 57960 68813 2-->1
35 57991 68862 4-->1
36 58024 68910 55-->3
37 58058 68984 37-->14
38 58068 68963 45-->2
39 58112 69036 51-->1
40 58120 69031 2-->1
41 58148 69067 27-->1
42 58156 69074 15-->1
43 58215 69154 16-->11
44 58250 69214 42-->6
45 58259 69223 16-->7
46 58283 69273 12-->6
47 58293 69293 53-->3
48 58308 69318 65-->19
49 58348 69374 13-->1
50 58367 69400 51-->19
51 58405 69455 34-->9
52 58408 69462 10-->5
53 58416 69512 8-->1
54 58449 69521 32-->1
55 58481 69564 5-->4
56 58495 69584 4-->2
57 58497 69742 20-->2
58 58522 69616 49-->13
59 58583 69725 5-->3
60 58584 69724 90-->9
61 58608 69785 4-->3
62 58616 69747 41-->8
63 58637 69772 3-->1
64 58716 69889 51-->5
65 58730 69909 98-->20
66 58737 69915 20-->16
67 58741 69918 26-->7
68 58750 69938 57-->2
69 58752 69937 86-->18
70 58784 69978 13-->11
71 58790 70024 54-->5
72 58802 70001 36-->8
73 58807 70007 97-->4
74 58840 70087 49-->10
75 58999 70323 44-->4
76 59018 72726 61-->2
77 59023 70292 33-->1
78 59030 70297 21-->6
79 59047 70369 9-->3
80 59048 70320 3-->2
81 59054 70330 38-->11
82 59087 70379 4-->3
83 59098 70383 13-->1
84 59111 71440 82-->2
85 59123 70416 29-->15
86 59168 70491 24-->3
87 59183 70495 21-->1
88 59203 70518 14-->7
89 59205 70521 13-->7
90 59212 70528 12-->8
91 59229 70550 62-->9
92 59230 70551 28-->1
93 59255 70580 6-->1
94 59290 71043 19-->13
95 59293 70632 5-->2
96 59302 70640 67-->15
97 59303 70641 73-->5
98 59311 70706 27-->14
99 59318 70664 10-->7
100 59336 70681 28-->1
101 59356 70708 5-->1
102 59361 70714 8-->6
