0 57346 67926 52-->18
1 57390 68027 14-->3
2 57557 68811 33-->5
3 57584 68281 35-->19
4 57607 68312 20-->14
5 57637 68353 4-->1
6 57763 69934 27-->19
7 57796 68596 5-->2
8 57922 68763 65-->8
9 57924 68765 26-->12
10 58023 68908 80-->6
11 58041 68935 4-->3
12 58055 68942 17-->11
13 58114 69021 7-->3
14 58118 69026 40-->9
15 58135 69064 5-->1
16 58139 69060 20-->8
17 58184 70644 49-->20
18 58207 70964 15-->3
19 58245 69208 19-->3
20 58279 69278 22-->18
21 58293 69293 11-->6
22 58310 69372 23-->1
23 58311 69320 48-->14
24 58338 69363 96-->18
25 58348 69374 40-->14
26 58454 69530 7-->5
27 58643 69790 92-->7
28 58659 69831 25-->10
29 58675 69834 55-->19
30 58705 69872 93-->8
31 58720 69893 54-->1
32 58781 69972 48-->1
33 58786 69995 27-->7
34 58842 70277 19-->1
35 58888 70099 41-->1
36 58930 70171 11-->5
37 58939 70179 33-->2
38 58953 70202 9-->7
39 58966 70217 16-->13
40 59039 70312 2-->1
41 59052 70325 6-->2
42 59134 70437 82-->6
43 59306 70656 11-->9
44 59317 70654 13-->3
45 59330 70678 4-->3
46 59478 70878 4-->3
47 59486 70888 5-->2
48 59536 70934 58-->1
49 59571 70993 12-->6
50 59583 70991 15-->10
51 59661 71100 2-->1
52 59664 71104 27-->4
53 59667 71121 18-->13
54 59682 71967 22-->14
55 59715 71182 28-->4
56 59734 71208 16-->12
57 59744 71317 21-->6
58 59815 71325 14-->3
59 59870 71410 9-->1
60 59874 71407 30-->13
61 59907 71463 3-->2
62 59984 71558 10-->1
63 59985 71561 12-->6
64 59999 71581 20-->2
65 60006 71590 58-->10
66 60237 73787 90-->18
67 60279 71926 56-->14
68 60295 71972 19-->17
69 60351 72039 10-->2
70 60359 72053 44-->4
71 60388 72080 4-->2
72 60420 72114 36-->9
73 60428 72144 23-->5
74 60455 72163 54-->6
75 60465 72175 6-->5
76 60575 72302 70-->19
77 60694 72433 11-->5
78 60704 72446 97-->18
79 60893 72704 83-->1
80 60929 72748 33-->2
81 60985 72811 35-->1
82 61011 72841 64-->17
83 61134 73014 20-->5
84 61173 73059 8-->1
85 61206 73093 19-->1
86 61239 73139 6-->1
87 61356 73270 40-->10
88 61374 73300 35-->7
89 61382 73310 11-->7
90 61421 73366 63-->9
91 61442 73394 30-->17
92 61508 73475 87-->13
93 61512 73477 28-->20
94 61587 73544 24-->7
95 61684 73665 94-->19
96 61708 73683 34-->13
97 61724 73712 11-->3
98 61781 73767 8-->1
99 61987 74012 3-->1
100 62081 74134 9-->5
101 62125 74166 56-->5
102 62200 74259 7-->5
103 62201 74258 31-->4
104 62206 74265 64-->2
105 62258 74326 76-->6
106 62269 74335 40-->4
107 62274 74338 68-->1
108 62333 74419 24-->16
109 62388 74475 12-->3
110 62413 74497 61-->2
111 62430 74515 53-->2
112 62455 74543 60-->5
113 62511 74634 38-->8
114 62514 74616 40-->4
115 62524 74628 54-->19
116 62585 74689 47-->5
117 62601 74706 53-->1
118 62611 74724 22-->6
119 62740 74857 18-->1
120 62809 74938 12-->4
121 62822 74946 99-->17
122 62871 75003 3-->1
123 62943 75090 6-->1
124 62991 75147 26-->11
125 62994 75150 49-->1
126 63009 75156 24-->11
127 63051 75198 11-->1
128 63062 75212 12-->9
129 63133 75308 93-->4
130 63188 75342 40-->7
131 63210 75402 62-->3
132 63317 75473 9-->6
133 63326 75481 29-->20
134 63404 75545 18-->14
135 63480 75607 20-->18
136 63507 75638 21-->1
137 63569 75692 59-->1
138 63697 75805 5-->1
139 63709 75812 18-->15
140 63792 75900 73-->4
141 63795 75903 32-->18
142 63830 75953 19-->18
143 55641 65112 17-->8
144 63838 75949 21-->11
145 55648 65127 10-->2
146 55662 65157 4-->3
147 63887 75996 15-->13
148 55707 65243 31-->2
149 55755 65396 2-->1
150 55800 67880 22-->20
151 63999 76115 12-->2
152 55823 65499 24-->20
153 55851 65547 47-->6
154 55869 65586 12-->1
155 55918 65664 22-->5
156 55954 65724 51-->10
157 56004 65824 55-->20
158 64197 76300 8-->4
159 56023 65844 10-->1
160 64251 76355 21-->20
161 56062 65919 6-->1
162 64258 76363 21-->7
163 56079 65937 31-->1
164 56096 66026 41-->5
165 56121 66018 73-->5
166 56131 66165 25-->1
167 56144 66400 29-->3
168 64365 76447 3-->2
169 56206 66161 71-->1
170 56234 66211 15-->10
171 56277 66295 79-->4
172 56295 66327 78-->7
173 56391 66475 14-->3
174 64607 76673 90-->11
175 64618 76682 92-->19
176 56432 66533 12-->3
177 56435 66543 76-->8
178 56440 66552 81-->4
179 56442 66553 7-->2
180 64663 76737 48-->4
181 64665 76739 17-->11
182 56491 66645 33-->17
183 56521 66685 60-->4
184 64726 76795 13-->1
185 56585 66780 95-->11
186 56599 66801 21-->18
187 56642 67149 21-->13
188 56655 70507 22-->15
189 64852 76890 52-->15
190 64860 76903 86-->12
191 56801 67107 25-->6
192 56820 67143 19-->15
193 56827 67211 18-->9
194 56854 67232 8-->6
195 56863 70455 18-->2
196 56892 67284 36-->5
197 56903 67285 3-->1
198 56966 67373 13-->2
199 56986 67398 69-->3
200 57044 67491 74-->1
201 57104 67579 42-->8
202 57131 67618 29-->5
203 57134 67621 2-->1
204 57185 67669 87-->2
205 57200 67716 13-->4
206 57208 67722 19-->7
207 57310 67945 87-->8
